Model: simulacao1
t        x_a        x_b        v_a        v_b
0.0  0.03  0.4  0.0  0.0
0.01002004008016032  0.030631725648309654  0.40000173630010377  0.12571732019954038  0.00034670653763909867
0.02004008016032064  0.032506540598125154  0.4000069595596533  0.24759528396130617  0.0006968658587549945
0.03006012024048096  0.03557041164627771  0.40001573092435383  0.36255098377987155  0.0010558361190556474
0.04008016032064128  0.03973939180463075  0.4000281670647995  0.4677183224135283  0.001429347449344608
0.0501002004008016  0.04490211657704906  0.40004444477410595  0.5605016761070305  0.001823750532604604
0.06012024048096192  0.05092302988975705  0.4000648088058348  0.6386509231371976  0.0022462526504344444
0.07014028056112225  0.05764558515536197  0.4000895809599478  0.7002909490417935  0.002705184177911027
0.08016032064128256  0.06489683613857983  0.4001191751630336  0.7439692834539164  0.003210329378469535
0.09018036072144288  0.07249144189179815  0.4001541089079413  0.7686951398381547  0.003773123674755617
0.1002004008016032  0.08023535293299551  0.4001950258030284  0.7735125378762825  0.004406918450380394
0.11022044088176353  0.08796043841773539  0.4002427120118288  0.7686014061687458  0.005127053661340302
0.12024048096192384  0.09563843012087123  0.40029812206258364  0.7639096726052058  0.005952086347934977
0.13026052104208416  0.10326886727929441  0.4003624390548917  0.7591076569281207  0.00690672494965451
0.1402805611222445  0.11085053182210945  0.40043707419967944  0.7541647594067445  0.008021472627229237
0.1503006012024048  0.11838181966735131  0.4005238237524329  0.7490386683419651  0.009338544993011042
0.16032064128256512  0.12586053303934977  0.40062507670609615  0.7436673516681627  0.01091987850398252
0.17034068136272545  0.13328383917969114  0.40074385608055724  0.7379670763223594  0.01284911109238468
0.18036072144288576  0.14064793643014742  0.4008841528422188  0.7318182716639857  0.015245718744699335
0.1903807615230461  0.1479475108255005  0.40105146931792507  0.7250388473939812  0.018291697579174298
0.2004008016032064  0.15517467436831942  0.40125388092773534  0.7173260282411941  0.022289729155646806
0.21042084168336672  0.16231760425600802  0.4015033969598338  0.7081664068730038  0.027753127563943485
0.22044088176352705  0.16935977527804782  0.40181672817622144  0.6968204593336559  0.03542132398407773
0.23046092184368736  0.1762690510103989  0.4022261956271247  0.6814474574617136  0.04713495426439275
0.24048096192384769  0.18299081524935354  0.4027865992199192  0.6585135119081734  0.06642781590205842
0.250501002004008  0.18941283002854062  0.40361035970559184  0.619386202056444  0.10193223812135797
0.2605210420841683  0.1952782733767754  0.40495448092683034  0.5419247641378994  0.17578889375516593
0.27054108216432865  0.20001597448303757  0.4073903146572728  0.3902843716092307  0.32384251886548227
0.280561122244489  0.20301447042630466  0.41152950387620063  0.21667424104263547  0.49388380685098004
0.2905811623246493  0.20462851208452976  0.41701747686408  0.11780998530473245  0.5891970552658308
0.3006012024048096  0.20554694989440628  0.4231655614472944  0.07097736303889361  0.6324964163351241
0.3106212424849699  0.20612322467783975  0.42962049417614706  0.046395411573970154  0.6535627640439046
0.32064128256513025  0.20650944469858848  0.4362303432726784  0.03183041366067269  0.664629727398562
0.3306613226452906  0.20677787880876325  0.44292301548858776  0.02236071390463703  0.6706188739915556
0.3406813627254509  0.2069670500500389  0.4496601625084324  0.01577161535961535  0.6737448134060171
0.3507014028056112  0.20709976216393045  0.45641915444364656  0.010944943861804777  0.6751256328792749
0.3607214428857715  0.20719024979482087  0.46318592963496036  0.007267881334256332  0.6753740639957212
0.37074148296593185  0.20724802289069236  0.469951150252409  0.004388250064908816  0.6748421984084086
0.3807615230460922  0.20727999425647906  0.47670807475092003  0.0020714923585900876  0.6737645081825785
0.3907815631262525  0.20729096025497337  0.4834520771727162  0.00016961479710121186  0.6722889015339222
0.4008016032064128  0.20728449197331295  0.49017975598268854  -0.0014145051270958004  0.6705124161939632
0.4108216432865731  0.20726342049945867  0.49688844879568733  -0.002752051514388689  0.6685061519116838
0.42084168336673344  0.20722997764100087  0.5035760916667731  -0.0038957543887882017  0.6663227547797694
0.4308617234468938  0.20718588507479696  0.510241129943474  -0.004883086315205905  0.6639996138509386
0.4408817635270541  0.20713255455499732  0.5168823180593457  -0.005742418621847745  0.6615650173595444
0.45090180360721444  0.20707115305696086  0.5234986543934185  -0.006495654672437349  0.6590407859921158
0.4609218436873747  0.20700266675405196  0.5300893173046188  -0.007160501860697768  0.6564445448762305
0.47094188376753504  0.20692790989591323  0.5366536562542742  -0.00775074792010888  0.6537899998898834
0.48096192384769537  0.20684756572415783  0.5431911508989802  -0.008277261306176186  0.6510879380394754
0.4909819639278557  0.20676222371917405  0.5497013738288041  -0.008748842805367097  0.6483470790762462
0.501002004008016  0.20667239193099193  0.5561839782511024  -0.00917265272852405  0.6455745026823451
0.5110220440881763  0.20657852374462035  0.5626386712412995  -0.009554921961634225  0.6427763595135425
0.5210420841683366  0.20648101788004725  0.5690652137428871  -0.009900951965829529  0.6399578711992305
0.531062124248497  0.2063802183922394  0.5754634205674249  -0.010215114777386613  0.6371233303424226
0.5410821643286573  0.2062764149272017  0.5818331601384858  -0.010500857005698729  0.6342761045177231
0.5511022044088176  0.2061698717911764  0.5881743254242147  -0.01076117535970151  0.6314191117968742
0.561122244488978  0.206060835662411  0.594486826235049  -0.01099882472775499  0.6285550288238931
0.5711422845691383  0.20594952233329275  0.6007706024882928  -0.011216118506153588  0.625686091140229
0.5811623246492986  0.20583612516508093  0.6070256157541792  -0.01141505422738467  0.6228142188126228
0.5911823647294588  0.20572081920272167  0.6132518451440284  -0.011597379120216375  0.6199410819917095
0.6012024048096192  0.20560376308377695  0.6194506409896868  -0.011764626186500666  0.6174071624583064
0.6112224448897795  0.20548510099185666  0.6255988248431217  -0.011918151647171138  0.6073661582000405
0.6212424849699398  0.20536496376629837  0.6315716386676292  -0.012059286694212445  0.582307939159296
0.6312625250501002  0.20524346861622392  0.6372199953435974  -0.012189434384168231  0.5427656126535637
0.6412825651302605  0.20512071822907088  0.6424042914861795  -0.012310028236378343  0.4897825348683642
0.6513026052104208  0.20499680159579411  0.6469953753292762  -0.012422486074796108  0.4247464733752555
0.6613226452905812  0.2048717933393515  0.6508810117551378  -0.012528197294112314  0.34933675850374524
0.6713426853707415  0.20474575372612805  0.6539676109975082  -0.012628514679992929  0.2655017111361516
0.6813627254509018  0.204618730569278  0.6561807498553214  -0.012724729433757404  0.17538863624766088
0.6913827655310621  0.20449075868675506  0.6574689984361913  -0.012818095081030965  0.08129554128357586
0.7014028056112224  0.20436186040509025  0.6578045606610903  -0.012909828354008213  -0.014381801123505691
0.7114228456913827  0.20423204616347493  0.6571835923863745  -0.01300112135981691  -0.10921734864058681
0.721442885771543  0.20410131444675297  0.6556266290367161  -0.013093149011946954  -0.20081981215370065
0.7314629258517034  0.20396965204923587  0.6531776192566112  -0.01318708102883743  -0.2868942238210564
0.7414829659318637  0.2038370340270881  0.6499028713849243  -0.013284086846175356  -0.3653024248434862
0.751503006012024  0.20370342369303795  0.6458890090388413  -0.013385342867778557  -0.43411308989880343
0.7615230460921844  0.2035687726057862  0.6412408056649856  -0.01349202391239009  -0.4916568373700485
0.7715430861723447  0.20343302041206068  0.6360784703906991  -0.013605307261133806  -0.5365471254220169
0.781563126252505  0.20329609525686698  0.630534173884788  -0.013726338949206739  -0.567734592438184
0.7915831663326653  0.20315791391860336  0.6247491709053979  -0.013856215866392145  -0.5845134528408064
0.8016032064128256  0.20301838267770606  0.6188709871059799  -0.013995935691014707  -0.5864204414303296
0.8116232464929859  0.2028773984891188  0.6130116714853723  -0.014146359678826067  -0.5832041895691912
0.8216432865731462  0.2027348499628287  0.607183712236549  -0.014308323483551799  -0.5800569718769087
0.8316633266533066  0.20259060921000943  0.6013872827451833  -0.01448284890649109  -0.576912111331877
0.8416833667334669  0.2024445351845858  0.595622374896176  -0.01467109555626018  -0.5737683737448924
0.8517034068136272  0.2022965072618225  0.5898889610028522  -0.014873921086401837  -0.5706248273067073
0.8617234468937875  0.20214638575847807  0.5841870331635683  -0.01509240956136332  -0.5674803141604317
0.8717434869739479  0.20199400952205396  0.5785166056645246  -0.015327903486675459  -0.5643334183673856
0.8817635270541082  0.20183919593079455  0.5728777149797656  -0.015582003808952662  -0.5611824659070992
0.8917835671342685  0.20168174089368707  0.5672704197711795  -0.015856569915892904  -0.5580255246773121
0.9018036072144289  0.20152141885046174  0.561694800888499  -0.01615371963627774  -0.5548604044939744
0.9118236472945891  0.20135798277159161  0.5561509613693008  -0.01647582923997228  -0.5516846570912457
0.9218436873747494  0.2011911641582927  0.5506390264390051  -0.016825533437925234  -0.5484955761214955
0.9318637274549098  0.20102067304252388  0.5451591435108769  -0.01720572538216886  -0.5452901971553034
0.9418837675350701  0.20084619798698694  0.5397114821860249  -0.017619556665819002  -0.5420652976814587
0.9519038076152304  0.20066740608512662  0.5342962342534019  -0.018070437323075072  -0.538817397106961
0.9619238476953907  0.20048387098243195  0.5289136856527172  -0.01856333340390453  -0.5355414591744417
0.9719438877755511  0.20029515833194275  0.5235641310357702  -0.01910304376066774  -0.5322326151839605
0.9819639278557114  0.20010083060363829  0.5182478689445535  -0.019694230369770763  -0.5288861336650968
0.9919839679358717  0.19990034600117323  0.5129653028684303  -0.020343341792459165  -0.5254954969031144
1.002004008016032  0.1996930584609417  0.5077169412450694  -0.021058613192242472  -0.5220524009215348
1.0120240480961924  0.1994782176520772  0.5025033974604456  -0.02185006633489417  -0.5185467554821389
1.0220440881763526  0.19925496897645265  0.4973253898488404  -0.022729509588451643  -0.5149666840849666
1.032064128256513  0.19902235356868028  0.4921837416928406  -0.023710537923216292  -0.5112985239683159
1.0420841683366733  0.19877930829611187  0.48707938122333977  -0.024808532911753386  -0.5075268261087442
1.0521042084168337  0.19852463716970511  0.48201337020791457  -0.02604140900592191  -0.5036336089436597
1.062124248496994  0.1982568103149692  0.47698710497388475  -0.02743428995314818  -0.49959368195205056
1.0721442885771542  0.19797421340713528  0.47200206697194974  -0.02901244104535961  -0.4953817134049546
1.0821643286573146  0.19767480467153742  0.46706016576055437  -0.030811133879193323  -0.49096236559762435
1.0921843687374748  0.19735603730391627  0.4621638165832107  -0.03287777296534009  -0.4862881682389952
1.1022044088176353  0.19701485947041886  0.4573159403684971  -0.035271895728544625  -0.4812995184516851
1.1122244488977955  0.1966477143075989  0.45251996373005915  -0.0380651725076052  -0.47592468077199557
1.122244488977956  0.19625029193482527  0.4477800669533384  -0.04134867801214115  -0.4700725156927124
1.1322645290581161  0.19581706538706822  0.44310164805729996  -0.04524503423936955  -0.46362033674358627
1.1422845691382766  0.19534102550959806  0.4384915878926743  -0.04991931885565991  -0.456403002106248
1.1523046092184368  0.19481332309702637  0.433958608001052  -0.055591666589453505  -0.44820031322035747
1.1623246492985972  0.19422265502759484  0.4295138844794772  -0.0625549860743758  -0.438719297939932
1.1723446893787575  0.19355410994887087  0.42517220229072106  -0.07120849347478087  -0.4275606769057868
1.1823647294589177  0.19278818234500023  0.42095294119174653  -0.0820928788193071  -0.414183697209838
1.1923847695390781  0.19189916020021686  0.41688168806849996  -0.0959162590320835  -0.39788017936304665
1.2024048096192383  0.19085328174714827  0.4129920801836539  -0.11355730631351282  -0.37777138891266
1.2124248496993988  0.1896074634952548  0.4093270771453156  -0.13597427955409153  -0.3528990050269654
1.222444889779559  0.18810998435932283  0.4059382767753216  -0.16387346369382083  -0.3225566811342731
1.2324649298597194  0.18630541544789123  0.40288098531784283  -0.1971053617564882  -0.2868938528871505
1.2424849699398797  0.18414758146779167  0.4002012560315787  -0.2339779987373258  -0.2476024342731311
1.25250501002004  0.1816149484649534  0.3979205014460963  -0.2712969151931869  -0.2078768240231097
1.2625250501002003  0.1787209375057838  0.39602517967723455  -0.3056154234538119  -0.171163649398469
1.2725450901803608  0.17550802422852194  0.394472694872813  -0.33471278123411363  -0.1396835925773256
1.282565130260521  0.1720326493737748  0.3932064866790692  -0.3580309736553901  -0.11399460863180369
1.2925851703406812  0.1683505782615983  0.3921706707605048  -0.37611360177134273  -0.0935530370004806
1.3026052104208417  0.16450959776929222  0.3913173418192131  -0.3899156164542302  -0.0774038676007943
1.3126252505010019  0.16054774027471952  0.3906083496485004  -0.40038560025102216  -0.06459845897135959
1.3226452905811623  0.15649431149463966  0.390014271291614  -0.40831273498277815  -0.05434757067112045
1.3326653306613225  0.15237156366998728  0.38951273785355056  -0.4143049337133607  -0.046043231309180005
1.342685370741483  0.14819652792323484  0.38908660214084684  -0.418818439392059  -0.039229139900753635
1.3527054108216432  0.1439822249495961  0.3887227279668628  -0.4221907292755861  -0.03356776144341517
1.3627254509018036  0.1397387514689575  0.388410903698471  -0.42467090183748485  -0.02880994000700118
1.3727454909819639  0.13547411786075972  0.388143004616444  -0.42644821215381035  -0.02476636334556332
1.3827655310621243  0.1311945941191449  0.3879126469574814  -0.42766371169194295  -0.02129592310714201
1.3927855711422845  0.12690522274545168  0.38771467502158036  -0.4284244372519225  -0.01829152589236537
1.4028056112224447  0.12261013727235032  0.38754484264330336  -0.428813957200424  -0.015669547018174697
1.4128256513026052  0.11831276076452939  0.38739961468581585  -0.42889910470360537  -0.013363097282339052
1.4228456913827654  0.11401584041859918  0.3872761324396511  -0.4287308719838593  -0.011321128706037645
1.4328657314629258  0.10972169806283054  0.3871719631209483  -0.42835041844754584  -0.009502426405115396
1.442885771543086  0.10543226345435075  0.3870850665796895  -0.42778998187225076  -0.007874697405541187
1.4529058116232465  0.1011492133235071  0.38701365623965944  -0.42707692273547887  -0.006410526306876207
1.4629258517034067  0.09687399424199548  0.38695617622856854  -0.42623433292360396  -0.005086766572449883
1.4729458917835672  0.09260782262285973  0.386911301378053  -0.4252810357318686  -0.003884540529359614
1.4829659318637274  0.0883516886043387  0.38687793333984455  -0.4242316512134031  -0.002789174019460368
1.4929859719438878  0.0841064812614157  0.38685507537271424  -0.42309883170027257  -0.001787960877564248
1.503006012024048  0.07987207252133621  0.386841825712352  -0.42203939566352705  -0.000869676690516895
1.5130260521042083  0.07567171408667302  0.3868374014138981  -0.4145522056382453  -2.491749902017097e-05
1.5230460921843687  0.07159911276009015  0.3868411103671235  -0.39663633333312975  0.0007551764299098909
1.533066132264529  0.0677561382967336  0.3868523485924218  -0.3688092785692338  0.0014793408273336556
1.5430861723446894  0.06423853785118168  0.386870598415846  -0.33182324553113934  0.0021559400636402717
1.5531062124248496  0.061133769728141406  0.38689542144554634  -0.2866538319779717  0.0027928270866727023
1.56312625250501  0.058517586298006914  0.38692645822433813  -0.23448026011317094  0.003397359662996459
1.5731462925851702  0.0564536250494881  0.3869634194938602  -0.17665359821414287  0.003976338670475637
1.5831663326653307  0.05499141389839748  0.38700608020753885  -0.11465877430373558  0.004536125075208579
1.593186372745491  0.0541645798951167  0.38705427944964027  -0.050079208074493675  0.005082721273801193
1.6032064128256511  0.05399096993346316  0.38710791346994655  0.015441171578830973  0.005621870793157796
1.6132264529058116  0.05447164427383111  0.3871669359320762  0.08024570843166852  0.006159158714176742
1.6232464929859718  0.05559124650010689  0.38723135576061435  0.1427007561044481  0.006700122804581827
1.6332665330661322  0.057318319424818534  0.3873012377715556  0.20124448504654957  0.007250338625781508
1.6432865731462925  0.05960624848715528  0.3873767030665716  0.2544183611669034  0.007815522117762517
1.653306613226453  0.062394572703479936  0.38745793110054116  0.3009113079375654  0.008401586885333377
1.6633266533066131  0.06561041713867272  0.38754516167363584  0.3395853906095281  0.009014699951930204
1.6733466933867736  0.0691706129485609  0.3876386982717886  0.3695039813263913  0.009661305366786362
1.6833667334669338  0.07298377201681495  0.38773890847168957  0.38996814830653465  0.010348027865030989
1.6933867735470942  0.07695229480875061  0.38784622976040045  0.4004795506256869  0.01108164508017
1.7034068136272544  0.08097562867925853  0.38796116489064036  0.4010234310215733  0.01186875227129242
1.7134268537074147  0.08497936278054688  0.38808428058264094  0.39811313459543146  0.012715623800789787
1.723446893787575  0.08895366107780478  0.3882162081845323  0.395146874818672  0.013628770627974617
1.7334669338677353  0.0928979207795683  0.38835765355768337  0.3921170999252054  0.014615692983983955
1.7434869739478958  0.09681146258802376  0.38850939855563615  0.3890152358359409  0.015684913670044324
1.753507014028056  0.10069354457108949  0.38867228714274155  0.385832072575157  0.01684559164574266
1.7635270541082164  0.10454329259243796  0.3888472949828647  0.3825564702694171  0.018108816020746755
1.7735470941883766  0.10835969469801486  0.3890355350545619  0.37917525109472167  0.019487714106805148
1.783567134268537  0.11214160111603985  0.3892382576510807  0.3756731992765075  0.02099745141774737
1.7935871743486973  0.11588772425700586  0.3894568503803597  0.3720330610896487  0.022655231669483713
1.8036072144288577  0.11959661096303419  0.3896928659170162  0.36823501425393257  0.024480827383857453
1.813627254509018  0.12326655979111481  0.38994810472137514  0.3642554726600929  0.026497775161477343
1.8236472945891782  0.1268956538100057  0.39022458224324924  0.3600679635553658  0.028732498495821962
1.8336673346693386  0.13048161845023484  0.3905246710827596  0.35564007535326464  0.031217359958053296
1.8436873747494988  0.13402181033760566  0.3908511121575186  0.3509332265918806  0.03399089223837248
1.8537074148296593  0.1375132172931976  0.39120701470262964  0.3459026659338814  0.03709779814602018
1.8637274549098195  0.14095242005157843  0.3915958945528762  0.3404969566231742  0.040589466152413725
1.87374749498998  0.14433535129483344  0.39202191511096707  0.3346549063959765  0.044527040478938476
1.8837675350701402  0.1476572702789012  0.392489912725533  0.3283054197177713  0.04898156885782681
1.8937875751503006  0.15091264833384643  0.3930055111954996  0.32136584909251886  0.054035651220623364
1.9038076152304608  0.15409515109800576  0.3935751395362656  0.3137419240307613  0.0597835107299183
1.9138276553106213  0.15719743620006915  0.39420623429874685  0.30532851672846223  0.06633022809994502
1.9238476953907815  0.1602109603915098  0.3949074324397306  0.2960118132494556  0.07378957041273945
1.9338677354709417  0.16312610781551262  0.3956884430573579  0.28567768173024755  0.08227562291113244
1.9438877755511021  0.1659322067385973  0.3965600306603868  0.2742170458048128  0.09189741557351032
1.9539078156312624  0.16861741035493932  0.39753413436533247  0.2615450545917124  0.10273975312596689
1.9639278557114228  0.1711693833049363  0.3986231813817178  0.24762837510725544  0.11483592262723269
1.973947895791583  0.17357587027027335  0.3998395184191786  0.23250375706414286  0.12814912866894634
1.9839679358717435  0.1758252420569922  0.40119486560546186  0.21631155563087043  0.1425389706157177
1.9939879759519037  0.17790798400424296  0.40269882808103596  0.19930504832812287  0.15775212570705285
2.004008016032064  0.17981775547085013  0.40435783651506213  0.18184144448875078  0.17343133959610826
2.0140280561122244  0.18155206700785012  0.4061744699338617  0.16435459954973114  0.18914271205722816
2.024048096192385  0.183112827662511  0.4081469084199798  0.14728378477827647  0.20444692725829333
2.034068136272545  0.1845062896924098  0.4102689884007986  0.13101891781871078  0.2189540232125002
2.0440881763527052  0.18574215567214278  0.41253109554282197  0.11585563872515683  0.232368315745176
2.0541082164328657  0.18683235336828588  0.4149213898796817  0.10197326577686035  0.24451044267697106
2.064128256513026  0.18779019585776296  0.41742664569642357  0.08944200070561475  0.2553101585951072
2.074148296593186  0.18862922485623848  0.42003340820212215  0.07824391617862228  0.2647853473700126
2.0841683366733466  0.1893624258093365  0.42272877844162887  0.0683057667396302  0.27300921121270233
2.094188376753507  0.19000192188112358  0.42550071930962324  0.05952029325955971  0.28008896622288215
2.1042084168336674  0.19055865499680033  0.4283383745088577  0.051765845792861205  0.28614621953212505
2.1142284569138274  0.19104234801116665  0.4312321063847275  0.04492127027839414  0.291302082601474
2.124248496993988  0.1914615395618573  0.4341734610746791  0.03887208014307128  0.29567099961647575
2.1342685370741483  0.19182365641151375  0.43715509616684783  0.03351417364928415  0.2993570301393503
2.1442885771543083  0.19213515500456546  0.4401706391454347  0.028755624591902444  0.30245205841091266
2.1543086172344688  0.19240165218585692  0.4432145566760781  0.024516190198071493  0.3050362854487762
2.164328657314629  0.19262797760900802  0.44628210219853626  0.020726918465722794  0.3071786217083203
2.1743486973947896  0.19281832873973606  0.4493691609235927  0.017328883534468927  0.3089379517116819
2.1843687374749496  0.19297636936765664  0.45247215132474744  0.014271557997148526  0.31036476173446464
2.19438877755511  0.19310531504011902  0.4555879397085254  0.011511377811524816  0.3115025748919682
2.2044088176352705  0.19320794065873084  0.45871383261829696  0.009011625562435975  0.31238806787686535
2.214428857715431  0.1932866878079491  0.46184746950770794  0.006740849544685174  0.3130526518753015
2.224448897795591  0.19334370162075218  0.46498678587259856  0.00467235532806548  0.31352298100307435
2.2344689378757514  0.19338089818562132  0.4681299458527272  0.0027828228199618874  0.31382233523867903
2.244488977955912  0.19339998542927656  0.4712753213508165  0.0010519369509730207  0.31397098973679566
2.254509018036072  0.19340246311667675  0.4744214920325537  -0.0005376123250891741  0.31398621482828915
2.2645290581162323  0.19338965211734838  0.4775672160627601  -0.0020005659231845966  0.3138827119109456
2.2745490981963927  0.19336275908907052  0.48071136541997717  -0.0033500055561133772  0.3136735233794048
2.284569138276553  0.19332285559157714  0.48385294678368806  -0.004597131387729828  0.31336981027791244
2.294589178356713  0.19327092175393518  0.4869910578773427  -0.005751997384628796  0.31298158764680506
2.3046092184368736  0.1932078476018636  0.4901248861412434  -0.006823532082922151  0.3125177452891839
2.314629258517034  0.19313443305773337  0.4932537087325438  -0.007819538588238476  0.3119860477709151
2.3246492985971945  0.1930513883164668  0.4963768921495427  -0.008746699853025574  0.31139313969783605
2.3346693386773545  0.19295937347589262  0.49949385261423235  -0.009611115049973683  0.31074508208272644
2.344689378757515  0.1928589880597755  0.5026040665233593  -0.010418107014375406  0.31004715980062325
2.3547094188376754  0.19275077477901392  0.5057070667014195  -0.011172323866689418  0.3093039832042879
2.3647294589178354  0.19263524089841166  0.5088024210486797  -0.011878051261843672  0.3085198003661132
2.374749498997996  0.19251285823667771  0.5118897325411774  -0.012539212389235489  0.30769849707812313
2.3847695390781563  0.19238406316642626  0.5149686392307203  -0.013159367972731352  0.3068435968519733
2.3947895791583167  0.1922492566141767  0.5180388142448868  -0.01374171627066706  0.3059582609189505
2.4048096192384767  0.1921088040603536  0.5210999657870258  -0.014289093075847649  0.3050452882299732
2.414829659318637  0.1919630355392868  0.5241518371362569  -0.014803971715547495  0.3041071154555909
2.4248496993987976  0.1918122533213924  0.5271941989825621  -0.015288552300614102  0.3031459062264521
2.434869739478958  0.19165676914806085  0.5302268122367845  -0.01574517789582003  0.30216396728121264
2.444889779559118  0.19149684524305932  0.5332494868499397  -0.01617563701627486  0.3011630510475906
2.4549098196392785  0.19133272562369255  0.5362620506146273  -0.01658154809722576  0.3001447400558811
2.464929859719439  0.19116464326864752  0.5392643420169193  -0.016964444426531965  0.29911053186156383
2.474949899799599  0.1909928201179933  0.5422562102363617  -0.017325774144664848  0.2980618390453026
2.4849699398797593  0.19081746707318117  0.545237515145974  -0.017666900244707958  0.2969999892129456
2.49498997995992  0.1906387839970447  0.5482081273122487  -0.017989100572356927  0.2959262249955255
2.50501002004008  0.19045695971379947  0.551167927995152  -0.018293567825919524  0.294841704049259
2.51503006012024  0.19027217200904342  0.5541168091481236  -0.01858140955631565  0.2937474990555474
2.5250501002004007  0.19008458762975652  0.5570546734180764  -0.01885364816707736  0.2926445977209762
2.535070140280561  0.18989436228430104  0.5599814341453969  -0.01911122091434881  0.2915339027773151
2.5450901803607215  0.18970164064242137  0.5628970153639451  -0.01935497990688629  0.29041623198151834
2.5551102204408815  0.18950655633524413  0.5658013518010541  -0.01958569210605822  0.2892923181157244
2.565130260521042  0.18930923195527805  0.5686943888775308  -0.01980403932584517  0.28816280898725605
2.5751503006012024  0.18910977905641413  0.5715760827076554  -0.020010618232839814  0.28702826742862037
2.5851703406813624  0.18890829815392554  0.5744464000991812  -0.02020594034624696  0.28588917129750885
2.595190380761523  0.18870490021104247  0.5773052970600636  -0.020390587452828655  0.28474606889509085
2.6052104208416833  0.18849970272271796  0.5801527227343356  -0.020565197948149486  0.283599565297438
2.6152304609218437  0.18829280367135393  0.5829886454588723  -0.0207302778292163  0.28245013334191843
2.6252505010020037  0.18808429633439214  0.5858130379463805  -0.02088630258655469  0.28129821552398365
2.635270541082164  0.18787426928474268  0.5886258772849698  -0.021033717207237387  0.2801442240001964
2.6452905811623246  0.18766280648766842  0.5914271448417129  -0.021172936889434314  0.27898854130255896
2.655310621242485  0.18744998809345995  0.5942168254714051  -0.021304352731886602  0.27783152602726935
2.665330661322645  0.18723589036693364  0.5969949075868202  -0.021428331404871024  0.2766735125058094
2.6753507014028055  0.18702058615469638  0.5997613826980402  -0.021545219078110973  0.2755148147295579
2.685370741482966  0.18680414497440556  0.6025162453239203  -0.021655342109169758  0.27435572703782213
2.695390781563126  0.18658663301476927  0.6052594929920875  -0.021759007043450594  0.2731965241178375
2.7054108216432864  0.18636811340518963  0.6079911259696872  -0.021856502351985198  0.2720374627423621
2.715430861723447  0.1861486466445588  0.6107111468371921  -0.021948101449419076  0.27087878478635896
2.7254509018036073  0.18592829052102977  0.6134195605713937  -0.022034062440700965  0.2697207169723046
2.7354709418837673  0.185707100284989  0.6161163743730951  -0.022114629230643897  0.2685634719794172
2.7454909819639277  0.1854851288224338  0.6188016415049686  -0.022190032704311895  0.26743806342228565
2.755511022044088  0.18526242676748159  0.6214735033350304  -0.022260491206286898  0.2650540563418665
2.7655310621242486  0.18503904253741044  0.6240908521431892  -0.02232623865242571  0.25626124732511163
2.7755511022044086  0.18481502187284346  0.6265878906674788  -0.022387578542756404  0.24110800695307338
2.785571142284569  0.18459040695105056  0.6289031629842695  -0.022444882808431748  0.2199813827885772
2.7955911823647295  0.1843652364795778  0.630978661373636  -0.02249857353230221  0.19343918127448922
2.8056112224448895  0.1841395444122259  0.63276352496815  -0.02254911103656739  0.1621685980707058
2.81563126252505  0.18391335958971824  0.6342149727448829  -0.022596992065845117  0.12698295378284832
2.8256513026052104  0.18368670609468327  0.6352981375081892  -0.022642726720872964  0.08878670641493441
2.835671342685371  0.18345960297745914  0.6359874364139071  -0.022686832567165614  0.048551563887123464
2.845691382765531  0.183232063869588  0.6362676627305348  -0.022729831942542644  0.00729713776931893
2.8557114228456912  0.18300409728211955  0.6361337465746083  -0.02277224513818572  -0.03393417739701968
2.8657314629258517  0.18277570650552138  0.635591145326593  -0.022814583332964426  -0.07410774615393054
2.875751503006012  0.18254688978896466  0.6346555134340415  -0.022857344748289102  -0.11221902708915828
2.885771543086172  0.18231764047488763  0.633352314805137  -0.02290100742545248  -0.14732259827514818
2.8957915831663326  0.1820879472335162  0.6317161149933456  -0.02294602542582783  -0.17855079914344074
2.905811623246493  0.18185779436282995  0.6297896243606558  -0.022992818677752287  -0.20514154048408026
2.915831663326653  0.1816271621056974  0.6276227041810519  -0.023041768342288688  -0.22645065822338306
2.9258517034068134  0.1813960271547194  0.6252709010837408  -0.023093206268587473  -0.2419699460239365
2.935871743486974  0.18116436317494344  0.6227941508787592  -0.023147403679297903  -0.2513423329905075
2.9458917835671343  0.18093214142591585  0.6202553667097542  -0.023204563647041678  -0.2542891675145602
2.9559118236472943  0.180699331544085  0.6177127380681039  -0.02326480963408902  -0.25306433618638946
2.9659318637274548  0.1804659022349106  0.6151842626575406  -0.02332821173689872  -0.25161999237120136
2.975951903807615  0.1802318214849701  0.6126702411404278  -0.023394833504686987  -0.25017931946988636
2.9859719438877756  0.17999705657343965  0.6101706373550021  -0.023464740211859323  -0.248742228414236
2.9959919839679356  0.17976157446072058  0.607685415737315  -0.023537998062193546  -0.24730861869869866
3.006012024048096  0.17952534136373147  0.6052145418041532  -0.02361467516590949  -0.2458783880799073
3.0160320641282565  0.17928832272235906  0.6027579821806638  -0.023694841616970403  -0.24445143249641546
3.0260521042084165  0.17905048319945843  0.6003157046003532  -0.02377856949308298  -0.24302764606869726
3.036072144288577  0.1788117866808527  0.5978876779050877  -0.023865932855697356  -0.24160692109914728
3.0460921843687374  0.17857219627533338  0.5954738720450934  -0.023957007750007094  -0.24018914807208072
3.056112224448898  0.1783316743146601  0.5930742580789561  -0.024051872204949195  -0.23877421565373336
3.066132264529058  0.1780901823535607  0.5906888081736217  -0.024150606233204096  -0.2373620106922615
3.0761523046092183  0.17784768116973126  0.5883174956043951  -0.02425329183119568  -0.23595241821774193
3.0861723446893787  0.17760413076383608  0.5859602947549418  -0.024360012979091263  -0.23454532144217208
3.096192384769539  0.17735949035950765  0.5836171811172866  -0.024470855640801585  -0.23314060175946993
3.106212424849699  0.1771137184030386  0.581288131292075  -0.024585907764498812  -0.23173813874493238
3.1162324649298596  0.17686676938146723  0.578973125672762  -0.02470526485559174  -0.2303378043333973
3.12625250501002  0.17661859830931623  0.5766721446363611  -0.024829023038917007  -0.22893947009579604
3.13627254509018  0.1763691626582375  0.5743851669611502  -0.02495727506438799  -0.22754301140718022
3.1462925851703405  0.17611841858137994  0.5721121730342725  -0.025090116426236386  -0.22614830104346423
3.156312625250501  0.17586632091338983  0.5698531448517372  -0.0252276453630122  -0.22475520918142572
3.1663326653306614  0.1756128231704105  0.5676080660184188  -0.02536996285758374  -0.22336360339870534
3.1763527054108214  0.17535787755008259  0.5653769217480576  -0.02551717263713763  -0.2219733486738069
3.186372745490982  0.17510143493154384  0.5631596988632589  -0.025669381173178806  -0.22058430738609697
3.1963927855711423  0.17484344487542927  0.560956385795494  -0.02582669768153052  -0.2191963393158055
3.2064128256513023  0.17458385562387108  0.5587669725850997  -0.02598923412233431  -0.21780930164402543
3.2164328657314627  0.1743226141004986  0.5565914508812779  -0.02615710520005006  -0.21642304895271258
3.226452905811623  0.17405966591043842  0.5544298139420967  -0.026330428363455942  -0.215037433224686
3.2364729458917836  0.17379495534031436  0.5522820566344893  -0.026509323805648438  -0.21365230384362774
3.2464929859719436  0.17352842535824736  0.5501481754342545  -0.026693914464042342  -0.21226750759408303
3.256513026052104  0.1732600176138556  0.5480281684260568  -0.026884326020370778  -0.21088288866145985
3.2665330661322645  0.17298967243825444  0.5459220353034261  -0.027080686900685155  -0.20949828863202952
3.276553106212425  0.17271732884405644  0.5438297773687579  -0.0272831282753552  -0.20811354649292638
3.286573146292585  0.17244292452537138  0.5417513975333133  -0.02749178405906895  -0.20672849863214776
3.2965931863727453  0.17216639585780621  0.5396869003172184  -0.027706790910832765  -0.20534297883855399
3.306613226452906  0.1718876778984651  0.5376362918494659  -0.027928288233971303  -0.2039568183018686
3.316633266533066  0.17160670438594938  0.5355995798679131  -0.028156418176127525  -0.20256984561267813
3.3266533066132262  0.17132340774035765  0.5335767737192831  -0.02839132562926273  -0.2011818867624321
3.3366733466933867  0.1710377190632856  0.5315678843591649  -0.028633158229656504  -0.19979276514344313
3.346693386773547  0.1707495681378262  0.5295729243520124  -0.028882066357906747  -0.19840230154888697
3.356713426853707  0.17045888342856963  0.5275919078711457  -0.029138203138929664  -0.19701031417280243
3.3667334669338675  0.1701655920816032  0.52562485069875  -0.0294017244419598  -0.19561661861009116
3.376753507014028  0.16986961992451147  0.523671770225876  -0.029672788880549975  -0.19422102785651815
3.3867735470941884  0.16957089146637613  0.5217326854524403  -0.029951557812571337  -0.19282335230871128
3.3967935871743484  0.16926932989777618  0.5198076169872249  -0.030238195340213332  -0.1914233997641616
3.406813627254509  0.1689648570907877  0.5178965870478771  -0.030532868309983748  -0.19002097542122304
3.4168336673346693  0.16865739359898405  0.51599961946091  -0.030835746312708648  -0.18861588187911274
3.4268537074148293  0.16834685865743576  0.5141167396617021  -0.03114700168353241  -0.18720791913791096
3.4368737474949898  0.1680331694598094  0.512247975416405  -0.031466801995315444  -0.18579689210466616
3.44689378757515  0.16771623724773788  0.5103933607548166  -0.03179529395797936  -0.18438262670517228
3.4569138276553106  0.16739597200487913  0.5085529312740661  -0.032132659782981125  -0.18296491351836586
3.4669338677354706  0.16707228243051583  0.5067267241143858  -0.03247908418666957  -0.18154354074765566
3.476953907815631  0.16674507566731986  0.5049147782283282  -0.03283474965326821  -0.18011829895643022
3.4869739478957915  0.16641425730135226  0.5031171343807653  -0.03319983643487511  -0.17868898106805808
3.496993987975952  0.1660797313620633  0.5013338351488892  -0.033574522551463024  -0.17725538236588761
3.507014028056112  0.16574140032229243  0.49956492492221166  -0.03395898379087926  -0.1758173004932472
3.5170340681362724  0.16539916509826827  0.4978104499025643  -0.03435339370884586  -0.17437453545344483
3.527054108216433  0.16505292504960867  0.49607045810409856  -0.03475792362895939  -0.17292688960976862
3.537074148296593  0.16470257797932064  0.49434499935328585  -0.035172742642691074  -0.1714741676854866
3.5470941883767533  0.16434802013380043  0.49263412528891715  -0.035598017609386794  -0.1700161767638464
3.5571142284569137  0.16398914620283345  0.4909378893621034  -0.03603391315626702  -0.16855272628807583
3.567134268537074  0.1636258493195943  0.4892563468362755  -0.03648059167842687  -0.16708362806138247
3.577154308617234  0.16325802106064682  0.4875895547871841  -0.03693821333883605  -0.16560869624695382
3.5871743486973946  0.162885551445944  0.4859375721028994  -0.037406936068338954  -0.16412774736795716
3.597194388777555  0.162508328938828  0.48430045948381173  -0.03788691556565456  -0.16264060030753974
3.6072144288577155  0.16212624044603022  0.4826782794426313  -0.03837830529737648  -0.1611470763088287
3.6172344689378755  0.16173917131767127  0.48107109630438805  -0.03888125649797293  -0.15964699897493115
3.627254509018036  0.1613470053472609  0.4794789762064315  -0.03939591816978681  -0.15814019426893383
3.6372745490981964  0.1609496247716981  0.47790198709843135  -0.0399224370830356  -0.15662649051390357
3.6472945891783564  0.16054691027127108  0.47634019874237715  -0.04046095777581139  -0.15510571839288714
3.657314629258517  0.16013874204114523  0.47479368163322333  -0.041011614442792055  -0.15357771905626666
3.6673346693386772  0.15972500653421462  0.4732625002046795  -0.041574461071319964  -0.1520424139600015
3.6773547094188377  0.15930557711290205  0.4717467323136711  -0.04214959969716836  -0.15049967667799263
3.6873747494989977  0.15888032432768254  0.4702464588853949  -0.04273713556833286  -0.1489493777000803
3.697394789579158  0.15844911939769046  0.46876176040726447  -0.04333715465789124  -0.14739140690646066
3.7074148296593186  0.15801183421071974  0.4672927169289104  -0.04394972366400324  -0.14582567356768625
3.717434869739479  0.15756834132322367  0.4658394080621801  -0.0445748900099107  -0.1442521063446656
3.727454909819639  0.1571185139603151  0.46440191298113787  -0.04521268184393752  -0.14267065328866338
3.7374749498997994  0.15666222601576615  0.46298031042206483  -0.045863108039489744  -0.14108128184130017
3.74749498997996  0.15619935205200863  0.46157467868345914  -0.046526158195055387  -0.1394839788345529
3.75751503006012  0.1557297673001336  0.46018509562603566  -0.047201802634204544  -0.13787875049075451
3.7675350701402803  0.15525334765989166  0.4588116386727263  -0.047889992405589464  -0.1362656224225939
3.7775551102204408  0.15476996969969284  0.45745438480867967  -0.048590659282944385  -0.13464463963311626
3.787575150300601  0.1542795106566066  0.4561134105812614  -0.04930371576508562  -0.13301586651572284
3.797595190380761  0.15378184843636197  0.4547887921000542  -0.050029055075911544  -0.13137938685417094
3.8076152304609217  0.15327686161334722  0.45348060503685705  -0.05076655116440268  -0.1297353038225739
3.817635270541082  0.15276442943061022  0.4521889246256865  -0.05151605870462154  -0.12808373998540126
3.8276553106212425  0.1522444317998583  0.4509138256627756  -0.05227741309571271  -0.12642483729747866
3.8376753507014025  0.15171674930145815  0.44965538250657444  -0.05305043046190284  -0.12475875710398787
3.847695390781563  0.15118126318443595  0.44841366907774977  -0.05383490765250073  -0.12308568014046657
3.8577154308617234  0.15063786607744872  0.44718874810532255  -0.054630609694337855  -0.12140581905892218
3.8677354709418834  0.15008645544832203  0.4459806777091241  -0.05543723312629635  -0.11971945511430113
3.877755511022044  0.1495269150133831  0.44478953005920163  -0.05625444182775502  -0.11802690237041176
3.8877755511022043  0.14895913398909919  0.4436153720357858  -0.0570818752955181  -0.11632849937879881
3.8977955911823647  0.14838300730733078  0.44245826501310864  -0.057919148574954046  -0.11462460924714009
3.9078156312625247  0.147798435615332  0.44131826485940323  -0.05876585225999547  -0.11291561963924657
3.917835671342685  0.14720532527575034  0.44019542193690386  -0.0596215524931393  -0.11120194277506219
3.9278557114228456  0.1466035883666267  0.43908978110184604  -0.06048579096544654  -0.10948401543066424
3.937875751503006  0.14599314268139554  0.4380013817044666  -0.06135808491654241  -0.10776229893826307
3.947895791583166  0.14537391172888472  0.4369302575890036  -0.0622379271346163  -0.10603727918620227
3.9579158316633265  0.14474582473331554  0.4358764370936961  -0.0631247859564219  -0.10430946661895835
3.967935871743487  0.1441088166343028  0.43483994305078466  -0.06401810526727701  -0.10257939623714114
3.977955911823647  0.14346282808685476  0.4338207927865109  -0.06491730450106355  -0.10084762759749369
3.9879759519038074  0.14280780546137303  0.4328189981211176  -0.06582177864022783  -0.09911474481289193
3.997995991983968  0.1421437008436528  0.431834565368849  -0.06673089821578017  -0.09738135655234514
4.008016032064128  0.14147047203488264  0.4308674953379503  -0.06764400930729514  -0.09564809604099576
4.018036072144288  0.1407880825516446  0.4299177833306681  -0.06856043354291157  -0.09391562106011919
4.028056112224449  0.1400965016259142  0.42898541914325006  -0.06947946809933239  -0.09218461394712414
4.038076152304609  0.1393957042050604  0.4280703870659452  -0.07040038570182477  -0.09045578159555243
4.04809619238477  0.13868567129291248  0.4271726655349864  -0.07132244967078545  -0.08872984040503842
4.05811623246493  0.13796639511589204  0.42629222192391514  -0.07224502112806266  -0.08700740905371535
4.06813627254509  0.13723787665304418  0.425429015127184  -0.07316732542288024  -0.08528924212910827
4.07815631262525  0.13650012369993678  0.42458299743326544  -0.07408856091211066  -0.08357612131636485
4.0881763527054105  0.13575315127699242  0.4237541140961706  -0.07500793954983047  -0.08186881479862543
4.098196392785571  0.13499698162948834  0.42294230333544847  -0.07592468688732042  -0.08016807725702241
4.108216432865731  0.13423164422755632  0.4221474963361867  -0.0768380420730655  -0.07847464987068041
4.118236472945892  0.13345717576618274  0.42136961724901084  -0.07774725785275491  -0.0767892603167163
4.128256513026052  0.13267362016520864  0.420608583190085  -0.07865160056928207  -0.07511262277023915
4.138276553106213  0.13188102856932962  0.41986430424111126  -0.07955035016274459  -0.07344543790435026
4.148296593186372  0.13107945934809595  0.4191366834493303  -0.08044280017044424  -0.0717883928901433
4.158316633266533  0.13026897809591234  0.4184256168275206  -0.0813282577268872  -0.07014216139670369
4.168336673346693  0.12944965763203825  0.4177309933539994  -0.08220604356378365  -0.06850740359110959
4.1783567134268536  0.12862157800058777  0.4170526949726218  -0.08307549201004805  -0.06688476613843114
4.188376753507014  0.12778482647052944  0.41639059659278144  -0.08393595099179907  -0.06527488220173078
4.198396793587174  0.1269394975356866  0.41574456608941  -0.08478678203235959  -0.06367837144206315
4.208416833667335  0.12608569291473704  0.41511446430297766  -0.08562736025225669  -0.06209584001847507
4.218436873747494  0.1252235215512133  0.4145001450394926  -0.08645707436922159  -0.06052788058800579
4.228456913827655  0.1243530996135023  0.4139014550705014  -0.08727532669818998  -0.058975072305686306
4.238476953907815  0.12347454434889561  0.41331824026057734  -0.08808155409230858  -0.05743795987430229
4.248496993987976  0.12258796544376152  0.4127503541964773  -0.08887528798633694  -0.0559169934956569
4.258517034068136  0.12169349577246105  0.412197627531253  -0.08965605389448236  -0.05441262941924906
4.268537074148297  0.12079127234244114  0.4116598869640238  -0.09042340251565856  -0.052925298799448316
4.278557114228457  0.11988143456641717  0.41113695696191954  -0.09117691429781521  -0.05145540312822755
4.288577154308617  0.11896412426237318  0.41062865976008006  -0.09191619943793791  -0.050003314235163125
4.298597194388777  0.11803948565356145  0.4101348153616552  -0.09264089788204838  -0.048569374287434346
4.3086172344689375  0.11710766536850299  0.4096552415378049  -0.0933506793252041  -0.04715389578982426
4.318637274549098  0.11616881244098728  0.4091897538276994  -0.09404524321149862  -0.045757161584719125
4.328657314629258  0.11522307831007231  0.40873816553851877  -0.09472431873406144  -0.04437942485210852
4.338677354709419  0.11427061682008455  0.4083002877454534  -0.09538766483505799  -0.043020909109585385
4.348697394789579  0.113311584220619  0.40787592929170363  -0.0960350702056897  -0.041681808212346
4.35871743486974  0.11234613916653917  0.4074648967884799  -0.09666635328619397  -0.040362286353189974
4.368737474949899  0.11137444271797718  0.40706699461500295  -0.09728136226584407  -0.03906247806252039
4.37875751503006  0.11039665834033338  0.40668202491850325  -0.09787997508294942  -0.037782488208343304
4.38877755511022  0.10941295190427693  0.4063097876142217  -0.09846209942485526  -0.036522391996268465
4.398797595190381  0.10842349168574535  0.4059500803854092  -0.0990276727279428  -0.035282234969508865
4.408817635270541  0.10742844836594474  0.40560269868332666  -0.09957666217762925  -0.03406203300888082
4.4188376753507015  0.10642799503134967  0.40526743572724516  -0.10010906470836779  -0.032861772332804004
4.428857715430862  0.10542229774426198  0.40494409190823155  -0.10062486985115532  -0.03168144663696586
4.4388777555110215  0.10441151160478933  0.40463247874464175  -0.10112405960236007  -0.030521057234229893
4.448897795591182  0.10339580533042061  0.40433239436070334  -0.10160670053219098  -0.029380520975245406
4.458917835671342  0.1023753464200147  0.40404363825835127  -0.10207287234468822  -0.02825974165636918
4.468937875751503  0.10135030074068371  0.4037660117289357  -0.10252266609487397  -0.02715861180181016
4.478957915831663  0.10032083252779324  0.403499317853222  -0.10295618418875249  -0.026077012663629547
4.488977955911824  0.09928710438496224  0.4032433615013907  -0.10337354038331005  -0.025014814221740813
4.498997995991984  0.09824927728406309  0.4029979493330374  -0.10377485978651496  -0.023971875183909693
4.509018036072144  0.09720751056522164  0.4027628897971731  -0.10416027885731752  -0.022948042985754265
4.519038076152304  0.0961619619368169  0.4025379931322238  -0.10452994540565018  -0.02194315379074461
4.529058116232465  0.09511278747548155  0.40232307136603096  -0.10488401859242731  -0.020957032490203337
4.539078156312625  0.09406014162610155  0.4021179383158508  -0.10522266892954536  -0.01998949270330523
4.5490981963927855  0.09300417720181628  0.4019224095883552  -0.1055460782798828  -0.019040336777077334
4.559118236472946  0.09194504538401854  0.40173630257963083  -0.10585443985730013  -0.018109355786398953
4.569138276553106  0.09088289572235453  0.4015594364751798  -0.1061479582266399  -0.017196329534001666
4.579158316633267  0.08981787613472382  0.40139163224991936  -0.1064268493037267  -0.0163010265504693
4.589178356713426  0.08875013290727952  0.4012327126681819  -0.10669134035536708  -0.01542320409423803
4.599198396793587  0.08767981069442783  0.401082502283715  -0.10694166999934976  -0.014562608151596056
4.609218436873747  0.08660705251882866  0.40094082743968146  -0.10717808820444538  -0.013718973436684084
4.619238476953908  0.08553199651174359  0.400807519534619  -0.10740082416894137  -0.012892055516114366
4.629258517034068  0.08445477637267525  0.4006824145492224  -0.10761008967791624  -0.012081627444906977
4.6392785571142285  0.08337552588708506  0.400565348519308  -0.10780612305541552  -0.011287435809655395
4.649298597194389  0.08229437642735983  0.400456160044251  -0.10798916477633354  -0.010509225121346288
4.6593186372745485  0.08121145695569185  0.40035469028397963  -0.10815945711350922  -0.009746738168200934
4.669338677354709  0.08012686924428827  0.40026078297474205  -0.10833479284007053  -0.008999716850851157
4.679358717434869  0.07904631517038857  0.400174284475303  -0.10685529152420496  -0.008267887024106751
4.68937875751503  0.07799432864262587  0.40009504510240773  -0.10265427920702687  -0.007550799409961453
4.69939879759519  0.07699743734450225  0.4000229198898828  -0.0958912223233935  -0.006847737390606836
4.709418837675351  0.07608065178413222  0.39995777209424554  -0.08674610286907339  -0.0061577651919635015
4.719438877755511  0.07526643064795925  0.3998994770258935  -0.0754612553615792  -0.005479730253273566
4.729458917835671  0.07457463579160777  0.3998479221459858  -0.062336186482139434  -0.004812294338717821
4.739478957915831  0.0740222071148041  0.39980300767274934  -0.047708374877692694  -0.00415404366816206
4.749498997995992  0.07362235822407692  0.39976464903903736  -0.03195280001806738  -0.0035034607241738033
4.759519038076152  0.07338432017035579  0.3997327776039208  -0.01547179977472839  -0.0028589639457680845
4.7695390781563125  0.07331332718315632  0.3997073402389088  0.0013158415088340217  -0.0022189376308149812
4.779559118236473  0.07341030382099115  0.39968830038197495  0.017986499941511382  -0.0015817600723018934
4.789579158316633  0.07367198372687092  0.3996756375075691  0.03412055897740388  -0.0009458212397846348
4.799599198396794  0.07409094735893805  0.3996693471289916  0.04931512269805489  -0.0003095545971286263
4.809619238476953  0.07465585729991257  0.39966944014256056  0.06319188437832275  0.00032854613090996005
4.819639278557114  0.07535177346102075  0.3996759420544509  0.0754085242844551  0.000969893374178558
4.829659318637274  0.07616050504630373  0.39968889204672836  0.0856657428214696  0.0016157830094746624
4.839679358717435  0.07706113743602294  0.3997083415126868  0.0937145788909782  0.0022673641262994614
4.849699398797595  0.07803055702176129  0.3997343523421252  0.09936467588099371  0.00292559672839669
4.859719438877756  0.07904396105952177  0.3997669954436113  0.10248455083478705  0.0035912385021434415
4.869739478957916  0.08007565010111069  0.39980634758208433  0.10301301235618969  0.00426478996673901
4.879759519038076  0.08110252710618852  0.39985248932877304  0.1018448389652281  0.004946482889012889
4.889779559118236  0.08211675252572656  0.39990550283353654  0.10062074327501001  0.005636352776239817
4.8997995991983965  0.08311882328482634  0.3999654697990765  0.09939165772707387  0.006334419461856099
4.909819639278557  0.08410855087265683  0.40003247241276224  0.09815703176717545  0.007040680320996395
4.919839679358717  0.08508588007925748  0.40010659241286456  0.09691686218357805  0.007755125301242328
4.929859719438878  0.08605075488271434  0.4001879122090853  0.09567115437385056  0.008477735811131015
4.939879759519038  0.08700311957784736  0.40027651376318324  0.0944199258913737  0.009208481168992389
4.949899799599198  0.08794291901461483  0.40037247835278905  0.0931632071166485  0.009947317930530932
4.959919839679358  0.08887009859811375  0.4004758865714054  0.09190104125729587  0.010694189888825933
4.969939879759519  0.08978460428857925  0.40058681832840687  0.09063348434805724  0.01144902807433109
4.979959919839679  0.09068638260138502  0.4007053528490398  0.0893606052507942  0.012211750754874788
4.98997995991984  0.09157538060704315  0.4008315686744226  0.0880824856544885  0.012982263435660009
5.0  0.09245154593120418  0.4009655436615457  0.0867992200752421  0.01376045885926436
